data = [ 0.8   0.6     1.0  0.6     0.8     1.0     0.8     0.8  1.0     0.8     0.8094 
 1.0   1.0     1.0  1.0     0.6666  0.8333  1.0     0.8  0.8333  1.0     0.7683 
 0.89  0.7499  1.0  0.7499  0.7272  0.9090  0.8888  0.8  0.9090  0.8888  0.8512 ];

data = [ 0.8   0.8     1.0    1.0     0.8    0.8    0.8     1.0  1.0    1.0    
 1.0   1.0     0.833  1.0     0.8    0.8    0.8     1.0  1.0    1.0    
 0.89  0.89    0.896  1.0     0.8    0.8    0.8     1.0  1.0    1.0    ];
 


